12
01=G11;1G1;1
0-----------
0---------n-
0-----------
0-----------
0-----------
0-----------
0-----------
0------j----
0-----------
0-----------
111111111111
0 0 0 0 0 0 0 0 0 0 0 0 0 0 0 0 0 0 0 0 0 0 0 0 0 0 0 0 0 0 0 0 0 0 0 0 0 0 0 0 0 0 0 0 0 0 0 0 0 0 0 0 0 0 0 0 0 0 0 0 0 0 0 0 0 0 0 0 0 0 0 0 0 0 0 0 0 0 0 0 0 0 0 0 0 0 0 0 0 0 0 0 0 0 0 0 0 0 0 0 0 0 0 0 0 0 0 0 0 0 0 0 0 0 0 0 0 0 0 0 0 0 0 0 0 0 0 0 0 0 0 0 0 0 0 0 0 0 0 0 0 0 0 0 
I 3 1
 0 157 -1 0 0 0 0 0 -1 -1 -1 ''
I 4 1
 0 218 -1 0 0 0 0 0 -1 -1 -1 ''
I 5 1
 0 211 -1 0 0 0 0 0 -1 -1 -1 ''
I 7 8
 0 136 -1 0 0 0 0 0 -1 -1 -1 ''
I 7 8
 0 236 50 0 0 0 0 0 -1 -1 -1 ''
I 7 8
 0 237 25 0 0 0 0 0 -1 -1 -1 ''
I 7 8
 0 290 0 0 0 0 0 0 -1 -1 -1 ''
