0
"""("(("""""
"("(""""""""
"""""("""""(
((""(""""(((
("""""""""("
((""""("""""
"""""""(""""
("""""""""("
"""("(""("""
""""""""""("
("""""""("("
""""(""""(""
0 0 0 0 0 0 0 0 0 0 0 0 0 0 0 0 0 0 0 0 0 0 0 0 0 0 0 0 0 0 0 0 0 0 0 0 0 0 0 0 0 0 0 0 0 0 0 0 0 0 0 0 0 0 0 0 0 0 0 0 0 0 0 0 0 0 0 0 0 0 0 0 0 0 0 0 0 0 0 0 0 0 0 0 0 0 0 0 0 0 0 0 0 0 0 0 0 0 0 0 0 0 0 0 0 0 0 0 0 0 0 0 0 0 0 0 0 0 0 0 0 0 0 0 0 0 0 0 0 0 0 0 0 0 0 0 0 0 0 0 0 0 0 0 
I 9 2
 0 113 -1 0 0 0 0 0 -1 -1 -1 ''
I 11 7
 0 113 -1 0 0 0 0 0 -1 -1 -1 ''
I 0 8
 0 113 -1 0 0 0 0 0 -1 -1 -1 ''
