12
111111111111
-----------0
-----------0
-----------0
-----------0
-----------0
-----------0
-----------0
-----------0
-----------0
-----------0
-----------0
0 0 0 0 0 0 0 0 0 0 0 0 0 0 0 0 0 0 0 0 0 0 0 0 0 0 0 0 0 0 0 0 0 0 0 0 0 0 0 0 0 0 0 0 0 0 0 0 0 0 0 0 0 0 0 0 0 0 0 0 0 0 0 0 0 0 0 0 0 0 0 0 0 0 0 0 0 0 0 0 0 0 0 0 0 0 0 0 0 0 0 0 0 0 0 0 0 0 0 0 0 0 0 0 0 0 0 0 0 0 0 0 0 0 0 0 0 0 0 0 0 0 0 0 0 0 0 0 0 0 0 0 0 0 0 0 0 0 0 0 0 0 0 0 
I 2 4
 97 154 -1 0 0 0 0 0 -1 -1 -1 ''
I 2 4
 99 146 -1 0 0 0 0 0 -1 -1 -1 ''
I 2 4
 100 222 -1 0 0 0 0 0 -1 -1 -1 ''
I 2 4
 0 1 -1 0 0 12 0 0 0 -1 -1 'John Smith'
I 2 4
 98 163 -1 0 0 0 0 0 -1 -1 -1 ''
I 2 4
 101 373 100 0 0 0 0 0 -1 -1 -1 ''
