0
"""(("("""""
"("""""(""((
""(("""("(""
""""(""""(""
"("("("""(""
"((""(""("("
"(""""""""("
"""""("""(((
"(""("""("""
""("""""""("
"((""(""((""
"""(""""""""
0 0 0 0 0 0 0 0 0 0 0 0 0 0 0 0 0 0 0 0 0 0 0 0 0 0 0 0 0 0 0 0 0 0 0 0 0 0 0 0 0 0 0 0 0 0 0 0 0 0 0 0 0 0 0 0 0 0 0 0 0 0 0 0 0 0 0 0 0 0 0 0 0 0 0 0 0 0 0 0 0 0 0 0 0 0 0 0 0 0 0 0 0 0 0 0 0 0 0 0 0 0 0 0 0 0 0 0 0 0 0 0 0 0 0 0 0 0 0 0 0 0 0 0 0 0 0 0 0 0 0 0 0 0 0 0 0 0 0 0 0 0 0 0 
I 6 1
 0 113 -1 0 0 0 0 0 -1 -1 -1 ''
I 9 2
 0 113 -1 0 0 0 0 0 -1 -1 -1 ''
I 11 6
 0 113 -1 0 0 0 0 0 -1 -1 -1 ''
I 9 11
 0 113 -1 0 0 0 0 0 -1 -1 -1 ''
