12
1G=111;111;0
-----------0
-----------0
-----------0
-----------0
-----------0
-----------0
-----------0
----------_0
-----------0
-----------0
111111111111
0 0 0 0 0 0 0 0 0 0 0 0 0 0 0 0 0 0 0 0 0 0 0 0 0 0 0 0 0 0 0 0 0 0 0 0 0 0 0 0 0 0 0 0 0 0 0 0 0 0 0 0 0 0 0 0 0 0 0 0 0 0 0 0 0 0 0 0 0 0 0 0 0 0 0 0 0 0 0 0 0 0 0 0 0 0 0 0 0 0 0 0 0 0 0 0 0 0 0 0 0 0 0 0 0 0 0 0 0 0 0 0 0 0 0 0 0 0 0 0 0 0 0 0 0 0 0 0 0 0 0 0 0 0 0 0 0 0 0 0 0 0 0 0 
I 10 5
 0 392 -1 0 0 0 0 0 -1 -1 -1 ''
I 9 6
 0 378 100 0 0 0 0 0 -1 -1 -1 ''
I 10 6
 0 406 -1 0 0 0 0 0 -1 -1 -1 ''
I 9 7
 0 368 -1 0 0 0 0 0 -1 -1 -1 ''
C 
 0 2 -1 0 0 0 0 0 -1 -1 -1 ''
I 10 7
 0 83 20 0 0 0 0 0 -1 -1 -1 ''
I 10 7
 0 76 20 0 0 0 0 0 -1 -1 -1 ''
